%YAML:1.0
---
camera_matrix: !!opencv-matrix
   rows: 3
   cols: 3
   dt: d
   data: [ 673.39197761430592, 0., 983.22125735505438, 0.,
       674.09447782699272, 535.9981957857018, 0., 0., 1. ]
dist_coeff: !!opencv-matrix
   rows: 1
   cols: 5
   dt: d
   data: [ 0.0091334368102838955, -0.030155151751277944,
       -5.257602430387607e-05, -0.00066166167829319312,
       0.0044560494615050036 ]
